resnet energy 

CPU:

4gpu Count = 1786, sum_power = 231322.80089999983 W
3gpu Count = 2389, sum_power = 255608.24070000008 W
2gpu Count = 3071, sum_power = 260969.06890000016 W
1gpu Count = 5493, sum_power = 303015.76019999903 W


GPU:

4gpu 
gpu0_power = 221112.09900000048
gpu1_power = 163351.5290000001
gpu2_power = 202365.73000000027
gpu3_power = 190297.9170000002
gpu_power = 777127.2750000011


3gpu
gpu0_power = 310072.83599999954
gpu1_power = 200113.11699999994
gpu2_power = 242989.9489999999
gpu3_power = 59039.42099999986
gpu_power = 812215.3229999993


2gpu
gpu0_power = 394582.36100000027
gpu1_power = 321834.0630000003
gpu2_power = 17272.281000000017
gpu3_power = 72164.11900000018
gpu_power = 805852.8240000007


1gpu 

gpu0_power = 711293.8260000005
gpu1_power = 100229.47999999966
gpu2_power = 20180.228999999974
gpu3_power = 128710.55700000002
gpu_power = 960414.0920000001