resnet energy 

CPU:

4gpu  Count = 1382, sum_power = 184245.53499999974 W
3gpu  Count = 1710, sum_power = 200244.50869999992 W
2gpu  Count = 2324, sum_power = 220019.05890000006 W
1gpu  Count = 4025, sum_power = 246234.70059999963 W


GPU:

4gpu 
gpu0_power = 218285.59999999995
gpu1_power = 187916.2570000001
gpu2_power = 148932.24300000005
gpu3_power = 154058.17300000007
gpu_power = 709192.2730000002


3gpu
gpu0_power = 266412.7109999999
gpu1_power = 215387.32199999937
gpu2_power = 204806.15000000034
gpu3_power = 42456.036999999946
gpu_power = 729062.2199999995


2gpu
gpu0_power = 360968.84900000016
gpu1_power = 303502.8200000003
gpu2_power = 11736.178000000004
gpu3_power = 54479.34699999991
gpu_power = 730687.1940000004


1gpu 
gpu0_power = 633624.7030000009
gpu1_power = 74587.09500000003
gpu2_power = 13641.814000000008
gpu3_power = 93892.06999999995
gpu_power = 815745.6820000008